Optimal Footsteps:
Footstep 1: 0.4, 0.1, 0.0
Footstep 2: 0.4, -0.1, 0.0
Footstep 3: 0.0, 0.1, 0.0
Footstep 4: 0.0, -0.1, 0.0

Optimal Spline Coefficients:
Spline Phase 1 Coefficients:
0.000000 0.000000 0.086885 0.006388 -0.023643
0.000000 0.000000 -0.043443 -0.003194 0.011822
0.300000 0.000000 -0.130328 -0.009583 0.035465
0.000000 0.000000 0.000000 0.000000 0.000000
0.000000 0.000000 0.000000 0.000000 0.000000
0.000000 0.000000 0.000000 0.000000 0.000000

Spline Phase 2 Coefficients:
0.069631 0.098364 -0.000112 0.000207 -0.000117
-0.034815 -0.049182 0.000082 -0.000014 -0.000004
0.195554 -0.147546 -0.000119 0.000064 -0.000013
0.000000 0.000000 0.000000 0.000000 0.000000
0.000000 0.000000 0.000000 0.000000 0.000000
0.000000 0.000000 0.000000 0.000000 0.000000

Spline Phase 3 Coefficients:
0.167972 0.098291 0.000081 -0.000196 0.000064
-0.083933 -0.049076 -0.000037 0.000085 -0.000035
0.047941 -0.147643 -0.000008 0.000021 -0.000019
0.000000 0.000000 0.000000 0.000000 0.000000
0.000000 0.000000 0.000000 0.000000 0.000000
0.000000 0.000000 0.000000 0.000000 0.000000

Spline Phase 4 Coefficients:
0.266213 0.098123 -0.005157 -0.000567 0.004163
-0.132997 -0.049036 -0.005584 -0.000298 0.003961
-0.099708 -0.147673 -0.016873 -0.000866 0.011935
0.000000 0.000000 0.000000 0.000000 0.000000
0.000000 0.000000 0.000000 0.000000 0.000000
0.000000 0.000000 0.000000 0.000000 0.000000

Spline Phase 5 Coefficients:
0.362775 0.102761 -0.000001 0.000000 -0.000002
-0.183953 -0.045253 0.000001 0.000000 0.000002
-0.253185 -0.136276 0.000001 -0.000000 0.000002
0.000000 0.000000 0.000000 0.000000 0.000000
0.000000 0.000000 0.000000 0.000000 0.000000
0.000000 0.000000 0.000000 0.000000 0.000000

